Initial Seed: 0  Domain: custom_hybrid_prediction_verification  MAE Error: 0.9077831586122643  MSE Error: 11.619823027399597 
Prediction Errors: 
[ -0.0138   0.0116  -0.0027   0.0124  -0.0020  -0.0290   0.0172  -0.0083   0.0621  -0.0470  -0.0032  -0.0038  -0.0090
   0.0074  -0.0063  -0.0341  -0.0026   0.0192  -0.0023   0.0027   0.0000   0.0006   0.0084  -0.0160  -0.0064   0.0047
   0.0019   0.0073  -0.0052  -0.0033  -0.0010  -0.0088  -0.0084   0.0030   0.8559   0.0010   0.0005   0.0033  -0.0135
  -0.0024  -0.0011  -0.0029  -5.4177  -0.0018  -0.0011   0.0012   0.0016  -0.0049  -0.0013  -0.0016   0.0028   0.0003
  -0.0015  -0.0021  -3.8570   0.0005   2.5661   4.0860   5.0723  -0.0035   0.0013   0.0106  -0.0006  -0.0010   0.0061
  -0.0018  -0.0011   0.0007   0.0017  -0.0033   2.3660  -0.0040  -0.0006  -0.0203   0.0049  -0.0099  -0.0006   0.0058
  -0.0024   0.5914  -0.0093   0.0076  -0.0087   0.0141   0.0021  -0.0002  -0.0140   0.0139  -5.1090   0.0022   0.0017
  -0.0000   0.0022  -0.0053  -6.6860   0.0100  -0.0160   0.0137  -0.0020  -0.0035  -0.2664  -0.0001   0.0072   0.0027
   2.8823  -0.0002   0.0028  17.2900  -0.0030  -0.0108   0.0077  -0.0039  -0.0032  -0.0004   0.0010  -0.0019  -0.0005
   0.0000   0.0027  -0.0013  -0.0137   0.0020  -0.0006  -0.0027  -0.0053  -0.0110  -0.0067  -0.1031   0.0062  -0.0116
   0.0071  -0.0068  -0.0192   0.0012   0.0006  -0.0821  -0.0082   0.0110   0.0022  -0.0233   0.0029  -0.0085   0.0128
   0.0056  -0.3734  -0.0003  -0.0008 -14.8668  -4.2903   0.0107  -0.0127  -0.0066   0.0011  -0.0052   9.0339  24.9974
   0.0127  -0.0023   0.0137  -0.4871  -0.0035   0.0015  -0.0289  -0.0024  -0.0004 -14.0586   0.0051  -0.0076  -0.0552
  18.1957   0.0175   0.0009  -0.0020   0.0035  -0.0035   0.0013   0.2134   0.0094   0.0001  -0.0196   0.0016   9.9570
  -0.0049  -0.0030 -11.8674   0.0076  -2.0089   4.7149  -0.0001  -0.0005  -0.0014]
