

Initial Seed: 0  Domain: custom_hybrid_verification_mes
Obj QD (per bin): 1.1  Pred QD (per bin / unverified): 2.2  Pred QD (per bin / verified): 2.1
Obj QD (per elite): 3.9  Pred QD (per elite / unverified): 3.9  Pred QD (per elite / verified): 3.8
Initial Seed: 0  Domain: custom_hybrid_verification_mes
MAE Error: 0.12831463909010257  MSE Error: 0.06172289372388807  MPE Error: 0.06172289372388807
Percentual Errors greater than 5%:  73
Prediction Errors: 
[-0.0174 -0.0261 -0.0063  0.0027 -0.1349  0.0055 -0.2306 -0.0076  0.0263 -0.0192 -0.0058 -0.0144  0.0387 -0.0786
 -0.0111 -0.0184  0.0184 -0.0141  0.0095 -0.1470 -0.0240 -0.0380  0.0104  0.0164 -0.0042 -0.1114 -0.0808 -0.0008
 -0.0015 -0.0433 -0.0931 -0.0207 -0.0169  0.0222 -0.1978 -0.0397 -0.0183  0.0266 -0.0112 -0.0036 -0.1541  0.3482
 -0.0766 -0.0361 -0.0054  0.0032 -0.0284  0.0098  0.0165 -0.0060 -0.1288 -0.0073  0.0285  0.0207  0.0031  0.0067
  0.0425  0.1405  0.0007 -0.1536 -0.2564  0.0597 -0.0029  0.0782 -0.0082 -0.0056 -0.1002 -0.0598 -0.0127  0.0017
  0.0104  0.0500 -0.0112 -0.1306 -0.0133 -0.0094  0.0296 -0.0012 -0.1514 -0.0053 -0.0131  0.1678 -0.0157  0.2221
 -0.2627 -0.0166 -0.0140 -0.0587 -0.1167  0.0849 -0.0147  0.0077 -0.0704 -0.1177 -0.0061 -0.0426 -0.0328 -0.2693
 -0.0792 -0.1147  0.0298 -0.0082 -0.0114 -0.1133 -0.0583  0.0030 -0.0965  0.0095  0.0908  0.0038 -0.0049  0.1379
 -0.0116  0.2844  0.2547 -0.0776  0.1258 -0.0519  0.0014 -0.0071 -0.0093  0.0198  0.0149  0.0037  0.0213 -0.0236
 -0.0033  0.0283  0.0993 -0.0410  0.0242  0.0114 -0.0012 -0.1689 -0.0446 -0.0496 -0.0217 -0.0401 -0.0486 -0.0235
 -0.0232  0.0045 -0.0069 -0.0176 -0.0334  0.0109  0.0178 -0.0081 -0.1116 -0.1773 -0.0064 -0.0026 -0.3430 -0.2789
  0.0116  0.0224 -0.0028 -0.0402  0.0307 -0.0044 -0.0226  0.0052 -0.0448 -0.0116 -0.0079  0.0069  0.0024 -0.1061
 -0.1134 -0.1254 -0.0758 -0.1094 -0.0009 -0.0230  0.0006 -0.0027  0.0261  0.5013  0.0125 -0.0546 -0.0849  0.0939
  0.0136  0.0033 -0.0439 -0.0192  0.0043 -0.1387 -0.0256 -0.1542 -0.0497  0.0058  0.0016 -0.0054 -0.1644 -0.0416
  0.0374 -0.2857 -0.0945  0.1108 -0.0107 -0.0286 -0.0691 -0.0068  0.0268  0.0606  0.0021 -0.0122  0.0611 -0.0267
  0.1827 -0.0342 -0.0285 -0.4508 -0.1637 -0.6749 -0.2213 -0.3598  0.0304 -0.0550 -0.0806  0.2324  0.0087 -0.0127
 -0.0622 -0.0349  0.0177  0.1741  0.1381 -0.0423 -0.1278  0.0587 -0.0205 -0.1010 -0.6943  0.1209 -0.1093  0.5199
 -0.0560  0.3126 -0.0205  0.0217 -0.0456  0.5749 -0.7043  0.0598 -0.1587 -0.0552  0.0269 -0.0262 -0.0859 -0.0001
 -0.0104 -0.0227  0.0392  0.0103 -0.6880  0.0737 -0.0581 -0.0305  0.1891 -0.0328 -0.0710 -0.2377  0.4462 -0.7737
 -0.0589 -0.1992 -0.4553 -0.0317 -0.0097 -0.0202  0.0579 -0.2830 -0.3325  0.1254 -0.0232 -0.4222  0.9089 -0.0592
 -0.2072  0.0789  0.0570 -0.5637 -0.2717  0.0870  0.0128  0.9978 -0.2412 -0.0951  0.4485 -0.0783  1.2347 -0.2006
  0.0820  1.6736  0.0122 -0.0711 -0.4686 -1.0594 -0.4601 -0.1592  0.0138  0.6290 -0.0628  0.0031  0.0520 -0.0008
 -0.0091  0.3159  0.0526 -0.4275  0.2623  0.5642  0.6834  0.2274 -0.9707 -0.2184 -0.2797 -0.4971  0.0169 -0.0142
 -0.0093  0.0090  0.0242 -0.2162  0.2080  0.0187 -0.1365 -0.4583  0.3105 -0.5017  0.1525 -0.0452  0.6549  0.9264
  0.0398  0.0453 -0.7403 -0.1785  0.1627 -0.0727  0.2728  0.0401 -0.0043  0.6145  0.0383 -0.3932 -0.1522 -0.0163
 -0.1230  0.0315  0.0358  0.7481 -0.0073]
